0030055020847004457065508640496066267520691440404006260625009500959489948994899420202020202020202020468646864686468646864686468646864580158015801580158015801580158015801580158015801580158015801580158009740974097409740974097409740974097409740974097409740974097409740974097409740974097409740974097409740974097409740974097409740974097409740974097409740974097409740974097409740974097409740974097409740974

12341234123412341234 12341234123412341234
10101010101010101010 10101010101010101010   0
01100110011001100110 01100110011001100110   0
00111000111000111000 01110001110001110001   3
00011110000111100001 11100001111000011110   0
00001111100000111110 00001111100000111110   4
00000111111000000111 11100000011111100000   5
00000011111110000000 11111110000000111111   9
00000001111111100000 00011111111000000001   4
00000000111111111000 00000011111111100000   2
00000000011111111110 00000000011111111110   0
00000000001111111111 10000000000011111111   8
00000000000111111111 11100000000000011111   6
00000000000011111111 11111000000000000011   4
00000000000001111111 11111110000000000000   5
00000000000000111111 11111111100000000000   8
00000000000000011111 11111111111000000000   0
00000000000000001111 11111111111110000000   0 <-- repeat
00000000000000000111 11111111111111100000   9   | sequence is four long, matching pattern
00000000000000000011 11111111111111111000   7   | but input will change after first phase
00000000000000000001 11111111111111111100   4   | 
00000000000000000000 11111111111111111110   0
00000000000000000000 01111111111111111111   9
00000000000000000000 00111111111111111111   7
00000000000000000000 00011111111111111111   4
00000000000000000000 00001111111111111111   0
00000000000000000000 00000111111111111111   9
00000000000000000000 00000011111111111111   7
00000000000000000000 00000001111111111111   4


00304594208645801580 09740974097409740974   
